-1 71 66
0 418 423
1 67 21
2 501 541
3 789 761
4 674 659
5 909 904
6 651 633
7 657 665
8 76 119
9 620 651
10 77 61
11 452 420
12 23 36
13 642 617
14 949 946
15 245 290
16 699 739
17 794 790
18 241 259
19 670 666
20 603 596
21 891 874
22 309 284
23 459 477
24 113 68
25 564 571
26 123 135
27 710 667
28 537 579
29 76 54
30 149 135
31 754 773
32 163 164
33 118 135
34 237 217
35 720 705
36 273 253
37 0 20
38 771 768
39 303 338
40 578 606
41 437 440
42 183 179
43 126 153
44 285 292
45 419 430
46 562 610
47 932 967
48 944 986
49 785 833
50 231 206
51 780 793
52 649 627
53 185 192
54 140 185
55 700 662
56 279 314
57 230 279
58 267 233
59 121 91
60 280 263
61 756 744
62 28 -8
63 330 342
64 487 521
65 876 891
66 884 864
67 32 70
68 362 361
69 264 261
70 532 512
71 145 105
72 573 541
73 522 475
74 306 312
75 713 744
76 587 619
77 635 600
78 749 781
79 505 497
80 758 760
81 113 69
82 748 739
83 20 -29
84 567 612
85 391 357
86 354 360
87 309 323
88 773 772
89 237 197
90 341 360
91 753 747
92 866 874
93 56 18
94 234 232
95 190 212
96 102 97
97 617 611
98 787 807
99 809 780
100 989 997
101 258 244
102 889 917
103 341 314
104 93 101
105 62 104
106 83 95
107 793 797
108 581 619
109 534 485
110 471 440
111 365 330
112 191 176
113 552 560
114 886 898
115 318 342
116 472 452
117 918 878
118 926 963
119 916 915
120 362 332
121 312 264
122 165 189
123 798 748
124 979 932
125 112 135
126 470 498
127 763 714
128 793 833
129 853 901
130 457 448
131 64 112
132 31 17
133 226 250
134 291 322
135 194 146
136 425 452
137 255 245
138 418 441
139 85 51
140 954 905
141 148 180
142 532 531
143 797 759
144 331 369
145 474 510
146 19 21
147 995 957
148 139 181
149 904 947
150 853 884
151 709 698
152 837 801
153 155 188
154 563 598
155 888 912
156 46 40
157 734 738
158 84 64
159 795 756
160 632 618
161 597 616
162 197 187
163 48 45
164 150 194
165 712 671
166 764 743
167 513 530
168 807 782
169 344 373
170 972 947
171 510 504
172 464 445
173 771 788
174 220 223
175 244 206
176 391 421
177 847 847
178 869 824
179 129 156
180 563 545
181 838 879
182 90 60
183 104 87
184 407 433
185 793 768
186 740 744
187 540 518
188 71 62
189 494 465
190 616 600
191 580 609
192 373 334
193 225 197
194 51 60
195 343 386
196 11 -33
197 647 685
198 288 276
199 450 419
200 259 275
201 441 419
202 783 734
203 261 212
204 991 1033
205 784 828
206 400 376
207 225 267
208 911 951
209 31 -2
210 948 933
211 351 305
212 397 375
213 660 614
214 636 600
215 699 693
216 626 594
217 55 77
218 702 663
219 98 101
220 629 589
221 704 703
222 363 346
223 615 593
224 936 904
225 569 588
226 35 43
227 935 956
228 324 305
229 997 1046
230 926 914
231 360 348
232 527 478
233 738 709
234 127 108
235 448 444
236 792 757
237 999 1044
238 249 283
239 368 378
240 365 354
241 866 837
242 395 401
243 179 187
244 527 560
245 234 267
246 973 973
247 213 207
248 593 546
249 358 323
250 180 140
251 688 722
252 477 466
253 34 63
254 799 772
255 604 629
256 564 520
257 978 938
258 959 930
259 10 36
260 766 781
261 186 183
262 253 246
263 702 728
264 759 746
265 842 797
266 372 331
267 774 781
268 22 31
269 78 93
270 408 450
271 153 182
272 625 629
273 715 701
274 273 297
275 32 -9
276 248 243
277 979 1005
278 301 276
279 445 459
280 324 346
281 29 31
282 48 82
283 885 907
284 792 742
285 797 780
286 145 132
287 372 365
288 268 248
289 877 880
290 702 667
291 153 141
292 297 326
293 190 231
294 183 149
295 173 163
296 813 790
297 598 639
298 867 837
299 737 781
300 764 728
301 700 694
302 793 747
303 961 925
304 475 513
305 699 684
306 664 667
307 908 905
308 143 158
309 407 369
310 697 701
311 769 800
312 844 878
313 559 526
314 816 775
315 718 750
316 647 618
317 985 1034
318 644 644
319 495 495
320 854 887
321 45 85
322 816 831
323 963 1010
324 229 222
325 438 411
326 501 465
327 314 267
328 367 416
329 324 367
330 531 533
331 705 662
332 423 388
333 940 947
334 42 86
335 349 380
336 414 437
337 934 931
338 635 612
339 920 904
340 853 896
341 860 876
342 299 262
343 737 726
344 247 233
345 591 625
346 359 369
347 498 527
348 790 795
349 196 174
350 251 231
351 448 452
352 828 850
353 8 39
354 555 596
355 809 846
356 247 217
357 798 792
358 669 706
359 493 519
360 175 165
361 858 901
362 915 925
363 725 720
364 758 749
365 659 700
366 868 856
367 18 59
368 830 840
369 933 929
370 596 644
371 3 -23
372 306 280
373 645 614
374 258 210
375 131 126
376 222 271
377 268 277
378 790 839
379 364 410
380 661 655
381 845 803
382 515 535
383 368 401
384 767 779
385 789 816
386 156 167
387 142 181
388 872 828
389 987 974
390 153 112
391 807 821
392 740 772
393 71 33
394 781 800
395 703 686
396 723 731
397 334 374
398 315 295
399 19 34
400 570 549
401 161 172
402 343 300
403 457 407
404 549 549
405 525 569
406 222 214
407 842 820
408 623 611
409 903 932
410 129 159
411 131 132
412 217 180
413 259 249
414 958 953
415 526 539
416 485 483
417 447 429
418 894 886
419 918 944
420 477 428
421 441 438
422 213 222
423 671 668
424 154 122
425 491 491
426 269 286
427 464 476
428 463 502
429 123 128
430 501 475
431 407 444
432 651 603
433 650 600
434 350 334
435 309 294
436 314 303
437 668 701
438 672 669
439 261 267
440 48 90
441 163 169
442 846 852
443 154 142
444 542 514
445 172 217
446 669 642
447 31 60
448 134 103
449 751 741
450 273 267
451 213 194
452 805 760
453 98 93
454 333 361
455 845 820
456 211 169
457 518 503
458 851 803
459 648 646
460 783 819
461 453 484
462 847 885
463 364 398
464 23 49
465 331 376
466 650 663
467 488 517
468 484 457
469 152 161
470 410 392
471 701 715
472 316 312
473 488 472
474 861 874
475 437 479
476 627 637
477 455 430
478 733 779
479 541 545
480 693 737
481 247 208
482 228 263
483 862 830
484 989 953
485 691 692
486 995 1030
487 159 162
488 605 654
489 13 58
490 395 411
491 596 641
492 318 305
493 804 831
494 22 52
495 299 342
496 180 171
497 664 684
498 547 586
499 998 957
500 966 946
501 919 886
502 58 90
503 370 373
504 72 77
505 386 409
506 401 415
507 218 250
508 719 734
509 501 458
510 103 98
511 747 775
512 738 722
513 560 573
514 714 725
515 339 298
516 398 364
517 579 627
518 853 819
519 750 731
520 857 843
521 940 916
522 79 95
523 18 63
524 508 516
525 74 34
526 298 310
527 765 756
528 660 707
529 590 568
530 735 767
531 355 315
532 467 417
533 232 192
534 977 950
535 757 790
536 327 293
537 463 486
538 415 373
539 301 333
540 631 592
541 508 539
542 868 867
543 562 552
544 502 495
545 71 42
546 946 946
547 254 284
548 979 948
549 763 763
550 440 409
551 89 40
552 183 215
553 829 871
554 452 465
555 952 918
556 458 484
557 814 785
558 603 558
559 706 689
560 811 844
561 64 17
562 305 347
563 980 991
564 8 -29
565 958 973
566 456 452
567 653 652
568 34 69
569 297 345
570 619 609
571 423 398
572 643 625
573 467 438
574 407 381
575 399 381
576 835 881
577 624 659
578 230 218
579 605 654
580 309 270
581 718 677
582 363 392
583 603 570
584 829 781
585 730 701
586 619 650
587 277 306
588 379 342
589 318 361
590 698 657
591 822 817
592 662 668
593 130 113
594 243 252
595 163 179
596 829 836
597 898 926
598 489 474
599 955 909
600 148 195
601 91 44
602 539 506
603 629 615
604 628 591
605 464 483
606 521 513
607 950 969
608 145 184
609 180 197
610 764 721
611 232 225
612 730 724
613 985 968
614 613 654
615 288 334
616 734 755
617 256 246
618 200 214
619 720 705
620 594 632
621 497 517
622 369 322
623 233 200
624 291 284
625 486 452
626 369 400
627 456 487
628 125 151
629 228 192
630 194 199
631 683 680
632 643 625
633 747 771
634 841 877
635 523 539
636 115 92
637 595 638
638 218 208
639 962 952
640 168 153
641 288 277
642 324 317
643 209 166
644 772 744
645 536 520
646 417 434
647 862 909
648 916 872
649 267 256
650 872 906
651 22 -20
652 208 231
653 661 688
654 335 331
655 755 761
656 600 551
657 445 453
658 266 280
659 271 259
660 836 832
661 684 654
662 230 249
663 212 194
664 341 326
665 536 523
666 439 446
667 438 435
668 85 103
669 596 582
670 441 456
671 363 361
672 174 146
673 532 519
674 808 844
675 520 549
676 891 882
677 974 967
678 321 363
679 603 570
680 245 209
681 185 163
682 691 689
683 13 -23
684 486 473
685 677 680
686 291 271
687 144 189
688 633 596
689 587 557
690 35 30
691 613 573
692 158 116
693 332 367
694 888 931
695 854 876
696 228 208
697 801 760
698 490 488
699 602 591
700 685 677
701 663 679
702 687 734
703 558 514
704 83 42
705 649 619
706 773 749
707 188 165
708 123 171
709 56 66
710 939 949
711 692 650
712 535 485
713 128 166
714 239 218
715 511 542
716 204 184
717 844 877
718 756 734
719 234 241
720 292 266
721 708 725
722 616 606
723 650 631
724 547 529
725 821 803
726 111 140
727 254 226
728 160 134
729 306 323
730 596 567
731 333 353
732 571 581
733 739 753
734 506 469
735 467 483
736 604 614
737 428 464
738 810 781
739 512 497
740 621 670
741 897 849
742 881 852
743 989 968
744 145 166
745 617 578
746 391 356
747 453 500
748 88 127
749 118 145
750 526 562
751 45 75
752 44 72
753 590 633
754 614 629
755 829 834
756 271 320
757 588 539
758 175 189
759 495 509
760 572 604
761 349 384
762 589 627
763 999 950
764 296 271
765 897 900
766 925 955
767 512 510
768 656 651
769 685 724
770 433 403
771 101 106
772 615 594
773 775 789
774 125 110
775 741 712
776 219 189
777 767 775
778 460 432
779 726 739
780 804 820
781 353 325
782 834 850
783 980 959
784 929 917
785 234 199
786 455 500
787 98 117
788 994 989
789 179 142
790 714 671
791 657 610
792 744 717
793 240 254
794 530 539
795 503 523
796 141 134
797 549 513
798 108 148
799 425 426
800 821 844
801 99 92
802 592 601
803 741 767
804 686 664
805 427 380
806 35 41
807 852 898
808 150 115
809 179 216
810 174 169
811 323 286
812 78 45
813 169 135
814 589 575
815 258 247
816 847 801
817 758 788
818 971 945
819 107 94
820 441 438
821 266 279
822 378 332
823 933 917
824 782 732
825 556 582
826 707 669
827 807 816
828 352 347
829 86 90
830 713 735
831 701 727
832 863 823
833 621 649
834 743 743
835 744 770
836 629 612
837 34 22
838 716 688
839 993 952
840 326 371
841 875 919
842 550 549
843 375 330
844 663 703
845 351 324
846 63 59
847 341 387
848 145 116
849 989 949
850 64 88
851 487 504
852 828 877
853 715 673
854 853 835
855 655 668
856 655 685
857 49 32
858 710 672
859 174 171
860 298 254
861 3 -42
862 718 708
863 84 100
864 439 469
865 157 174
866 502 520
867 379 390
868 384 344
869 853 900
870 26 -8
871 824 827
872 921 951
873 548 555
874 292 296
875 384 404
876 889 888
877 431 452
878 703 679
879 69 104
880 389 372
881 12 54
882 743 711
883 823 813
884 260 244
885 114 107
886 253 264
887 148 133
888 599 625
889 688 681
890 114 143
891 902 874
892 159 145
893 949 975
894 983 961
895 158 182
896 189 222
897 289 245
898 736 740
899 958 1002
900 136 146
901 564 567
902 867 908
903 440 426
904 389 386
905 950 911
906 359 389
907 137 167
908 300 257
909 545 512
910 780 781
911 442 417
912 625 594
913 110 65
914 692 721
915 470 438
916 943 954
917 832 878
918 613 624
919 72 119
920 215 248
921 37 16
922 960 983
923 900 854
924 89 73
925 456 484
926 685 655
927 964 950
928 175 174
929 394 383
930 159 137
931 476 525
932 717 707
933 187 202
934 860 864
935 460 419
936 787 789
937 861 827
938 920 921
939 404 386
940 454 458
941 933 980
942 124 152
943 269 308
944 562 599
945 572 541
946 886 839
947 987 1012
948 174 134
949 20 -2
950 866 844
951 869 906
952 211 259
953 745 780
954 940 983
955 626 633
956 612 598
957 155 173
958 16 44
959 830 795
960 643 678
961 130 146
962 39 11
963 268 219
964 572 578
965 509 524
966 964 1003
967 495 490
968 318 302
969 571 576
970 229 213
971 169 159
972 783 816
973 39 83
974 160 123
975 468 419
976 104 104
977 777 771
978 302 264
979 691 727
980 399 408
981 578 531
982 279 262
983 332 304
984 697 699
985 535 578
986 650 601
987 754 758
988 452 484
989 464 419
990 128 86
991 494 520
992 730 705
993 398 375
994 760 774
995 286 334
996 783 795
997 974 1014
998 838 844
999 620 650
1000 171 139
1001 298 290
1002 655 647
1003 613 613
1004 259 308
1005 367 333
1006 118 158
1007 327 333
1008 128 174
1009 160 184
1010 128 105
1011 496 501
1012 288 320
1013 250 299
1014 815 772
1015 497 520
1016 447 431
1017 597 638
1018 122 163
1019 486 498
1020 309 270
1021 221 192
1022 73 84
1023 721 682
1024 359 346
1025 803 827
1026 926 965
1027 135 117
1028 306 332
1029 123 141
1030 655 657
1031 599 630
1032 709 682
1033 815 848
1034 314 363
1035 949 967
1036 694 704
1037 839 844
1038 467 490
1039 570 611
1040 156 154
1041 8 33
1042 570 543
1043 448 404
1044 505 520
1045 158 122
1046 307 266
1047 962 917
1048 114 136
1049 3 -10
1050 138 175
1051 434 389
1052 766 797
1053 721 740
1054 378 386
1055 691 733
1056 762 754
1057 812 829
1058 799 799
1059 514 473
1060 680 666
1061 598 590
1062 807 852
1063 767 794
1064 347 342
1065 166 131
1066 590 569
1067 997 947
1068 301 279
1069 90 120
1070 873 915
1071 673 681
1072 275 304
1073 674 692
1074 451 451
1075 660 701
1076 50 86
1077 90 80
1078 146 104
1079 53 49
1080 290 329
1081 536 562
1082 920 885
1083 341 341
1084 242 207
1085 740 762
1086 71 82
1087 108 100
1088 310 327
1089 110 77
1090 510 559
1091 609 562
1092 378 364
1093 223 229
1094 15 -19
1095 595 584
1096 173 173
1097 139 139
1098 946 915
1099 710 725
1100 186 161
1101 463 416
1102 109 148
1103 893 852
1104 37 31
1105 758 773
1106 815 795
1107 50 71
1108 377 354
1109 388 414
1110 833 793
1111 968 958
1112 46 45
1113 612 574
1114 254 265
1115 138 172
1116 64 43
1117 78 87
1118 622 644
1119 805 780
1120 738 777
1121 37 81
1122 268 298
1123 247 286
1124 736 780
1125 918 942
1126 293 311
1127 728 691
1128 735 744
1129 747 781
1130 374 414
1131 661 615
1132 753 784
1133 748 721
1134 798 783
1135 453 434
1136 419 457
1137 764 792
1138 937 935
1139 662 697
1140 188 188
1141 284 328
1142 262 306
1143 552 596
1144 699 650
1145 977 944
1146 721 737
1147 401 351
1148 762 799
1149 765 752
1150 554 527
1151 308 309
1152 355 345
1153 394 424
1154 762 792
1155 34 -13
1156 479 486
1157 328 287
1158 245 200
1159 998 1029
1160 4 -19
1161 506 473
1162 337 385
1163 231 260
1164 648 604
1165 221 235
1166 141 122
1167 534 524
1168 67 79
1169 513 562
1170 907 893
1171 550 552
1172 74 113
1173 563 532
1174 887 881
1175 634 588
1176 618 593
1177 219 236
1178 933 921
1179 953 926
1180 428 447
1181 379 347
1182 46 32
1183 729 721
1184 734 735
1185 467 465
1186 954 904
1187 456 424
1188 256 290
1189 486 477
1190 892 864
1191 923 928
1192 735 777
1193 870 917
1194 732 725
1195 400 426
1196 310 318
1197 927 948
1198 285 298
1199 623 655
1200 936 953
1201 99 104
1202 9 -31
1203 690 738
1204 47 76
1205 744 696
1206 146 97
1207 623 649
1208 799 825
1209 529 573
1210 861 824
1211 18 -22
1212 46 83
1213 375 356
1214 58 105
1215 704 740
1216 988 1021
1217 957 933
1218 626 604
1219 946 992
1220 919 942
1221 86 125
1222 833 846
1223 466 460
1224 939 967
1225 731 693
1226 294 301
1227 286 297
1228 600 565
1229 782 735
1230 841 848
1231 328 317
1232 582 582
1233 655 673
1234 490 461
1235 770 818
1236 185 166
1237 92 125
1238 917 963
1239 7 29
1240 575 539
1241 326 358
1242 799 780
1243 786 820
1244 846 805
1245 866 883
1246 147 166
1247 949 996
1248 786 815
1249 376 417
1250 126 116
1251 878 871
1252 341 342
1253 438 409
1254 716 671
1255 531 509
1256 495 523
1257 242 246
1258 882 839
1259 324 350
1260 443 452
1261 874 860
1262 762 737
1263 913 938
1264 126 156
1265 35 42
1266 669 645
1267 559 542
1268 455 460
1269 134 119
1270 531 538
1271 588 546
1272 461 476
1273 608 620
1274 338 343
1275 890 869
1276 574 600
1277 749 730
1278 521 515
1279 650 677
1280 322 367
1281 724 771
1282 580 530
1283 934 970
1284 250 218
1285 778 810
1286 133 105
1287 939 976
1288 604 565
1289 305 261
1290 85 101
1291 379 405
1292 501 475
1293 704 677
1294 98 93
1295 559 537
1296 664 655
1297 778 761
1298 129 176
1299 568 559
1300 693 721
1301 810 798
1302 399 446
1303 487 519
1304 590 626
1305 908 874
1306 53 77
1307 757 736
1308 713 689
1309 339 363
1310 164 141
1311 10 -6
1312 315 286
1313 649 627
1314 547 576
1315 889 916
1316 899 906
1317 685 730
1318 612 586
1319 758 728
1320 881 921
1321 886 854
1322 123 119
1323 833 824
1324 201 215
1325 429 382
1326 844 825
1327 757 758
1328 81 115
1329 67 58
1330 74 70
1331 518 480
1332 260 258
1333 769 818
1334 989 973
1335 736 714
1336 975 945
1337 134 154
1338 830 848
1339 666 692
1340 923 889
1341 368 343
1342 558 509
1343 453 493
1344 478 438
1345 836 844
1346 685 669
1347 922 924
1348 741 789
1349 358 336
1350 534 539
1351 657 683
1352 549 542
1353 575 541
1354 815 836
1355 453 423
1356 301 333
1357 828 787
1358 160 200
1359 878 847
1360 707 710
1361 391 391
1362 26 49
1363 166 140
1364 440 447
1365 282 282
1366 803 839
1367 997 977
1368 421 391
1369 203 159
1370 190 216
1371 455 423
1372 539 495
1373 664 621
1374 908 940
1375 420 425
1376 198 169
1377 352 352
1378 459 462
1379 878 831
1380 302 336
1381 475 479
1382 20 56
1383 126 94
1384 476 435
1385 207 231
1386 630 672
1387 975 1024
1388 638 654
1389 806 848
1390 89 121
1391 293 329
1392 788 819
1393 398 422
1394 10 57
1395 581 618
1396 463 494
1397 571 612
1398 807 794
1399 45 49
1400 831 826
1401 139 143
1402 897 887
1403 601 607
1404 837 815
1405 599 641
1406 945 902
1407 600 639
1408 731 688
1409 969 1003
1410 86 100
1411 88 81
1412 134 139
1413 113 115
1414 61 80
1415 469 518
1416 640 670
1417 20 60
1418 349 350
1419 324 350
1420 411 416
1421 881 876
1422 351 393
1423 39 82
1424 663 653
1425 155 159
1426 300 317
1427 301 327
1428 442 479
1429 197 246
1430 163 210
1431 379 399
1432 330 308
1433 85 130
1434 281 249
1435 690 697
1436 590 615
1437 59 82
1438 523 528
1439 491 510
1440 253 266
1441 883 864
1442 472 464
1443 975 931
1444 870 903
1445 555 520
1446 695 705
1447 672 665
1448 578 597
1449 786 817
1450 574 598
1451 75 51
1452 50 11
1453 862 834
1454 328 289
1455 436 482
1456 859 886
1457 46 26
1458 33 6
1459 402 408
1460 371 342
1461 864 908
1462 776 754
1463 591 611
1464 365 339
1465 123 150
1466 510 503
1467 155 110
1468 239 262
1469 117 148
1470 194 242
1471 888 861
1472 9 26
1473 786 769
1474 722 681
1475 679 703
1476 461 483
1477 724 772
1478 699 688
1479 63 107
1480 685 715
1481 6 -5
1482 428 456
1483 263 305
1484 160 199
1485 748 728
1486 92 101
1487 584 616
1488 521 475
1489 993 949
1490 541 508
1491 170 133
1492 864 820
1493 475 499
1494 286 241
1495 520 486
1496 296 273
1497 118 72
1498 425 386
